aa13_phase2_300x250_v3.swf 影片報表



影格 #    影格位元組         總共位元組         場景

    
    
    

   1          8281          8281    Scene 1 (AS 2.0 類別匯出影格)
   2             8          8289    
   3             8          8297    
   4             9          8306    
   5           252          8558    
   6            35          8593    
   7            35          8628    
   8            35          8663    
   9            35          8698    
  10            35          8733    
  11            35          8768    
  12            35          8803    
  13            35          8838    
  14            35          8873    
  15            35          8908    
  16            35          8943    
  17            35          8978    
  18            35          9013    
  19          4867         13880    
  20            35         13915    
  21            35         13950    
  22            35         13985    
  23            35         14020    
  24            35         14055    
  25            35         14090    
  26            35         14125    
  27            35         14160    
  28            35         14195    
  29            35         14230    
  30            35         14265    
  31            35         14300    
  32            35         14335    
  33            12         14347    
  34             9         14356    
  35             9         14365    
  36             9         14374    
  37             9         14383    
  38             9         14392    
  39             9         14401    
  40             9         14410    
  41             9         14419    
  42             9         14428    
  43             9         14437    
  44             9         14446    
  45             9         14455    
  46            10         14465    
  47            10         14475    
  48            10         14485    
  49            10         14495    
  50            10         14505    
  51          4412         18917    
  52            19         18936    
  53            19         18955    
  54            19         18974    
  55            19         18993    
  56            19         19012    
  57            19         19031    
  58            19         19050    
  59            19         19069    
  60            19         19088    
  61            19         19107    
  62            22         19129    
  63            19         19148    
  64          7460         26608    
  65            28         26636    
  66            24         26660    
  67            14         26674    
  68            10         26684    
  69            10         26694    
  70            10         26704    
  71            10         26714    
  72            10         26724    
  73            10         26734    
  74            10         26744    
  75            10         26754    
  76            10         26764    
  77            10         26774    
  78            10         26784    
  79            10         26794    
  80            10         26804    
  81            10         26814    
  82            10         26824    
  83            10         26834    
  84            10         26844    
  85             6         26850    
  86             1         26851    
  87             1         26852    
  88             1         26853    
  89             1         26854    
  90             1         26855    
  91             1         26856    
  92             1         26857    
  93             1         26858    
  94             1         26859    
  95             1         26860    
  96             1         26861    
  97             1         26862    
  98             1         26863    
  99             1         26864    
 100             1         26865    
 101             1         26866    
 102             1         26867    
 103             1         26868    
 104             1         26869    
 105             1         26870    
 106             1         26871    
 107             1         26872    
 108             1         26873    
 109             1         26874    
 110             1         26875    
 111             1         26876    
 112             1         26877    
 113             1         26878    
 114         18751         45629    
 115            32         45661    
 116            32         45693    
 117            32         45725    
 118            32         45757    
 119            32         45789    
 120            32         45821    
 121            32         45853    
 122            32         45885    
 123            32         45917    
 124           346         46263    
 125            75         46338    
 126            68         46406    
 127            68         46474    
 128            68         46542    
 129            68         46610    
 130            68         46678    
 131            68         46746    
 132            64         46810    
 133            63         46873    
 134            63         46936    
 135            63         46999    
 136            63         47062    
 137            63         47125    
 138            86         47211    
 139            63         47274    
 140            63         47337    
 141            63         47400    
 142            63         47463    
 143            63         47526    
 144            63         47589    
 145            63         47652    
 146            63         47715    
 147            63         47778    
 148            63         47841    
 149            63         47904    
 150            63         47967    
 151            63         48030    
 152            16         48046    
 153             9         48055    
 154             9         48064    
 155             9         48073    
 156             9         48082    
 157             9         48091    
 158             9         48100    
 159             9         48109    
 160             9         48118    
 161             9         48127    
 162             9         48136    
 163             9         48145    
 164             9         48154    
 165            88         48242    
 166            18         48260    
 167            18         48278    
 168            18         48296    
 169            18         48314    
 170            18         48332    
 171            18         48350    
 172            18         48368    
 173            18         48386    
 174            18         48404    
 175            21         48425    
 176            18         48443    
 177            18         48461    
 178           170         48631    
 179            35         48666    
 180            23         48689    
 181            14         48703    
 182            10         48713    
 183            10         48723    
 184            10         48733    
 185            10         48743    
 186            10         48753    
 187            10         48763    
 188            10         48773    
 189            10         48783    
 190            10         48793    
 191            10         48803    
 192            10         48813    
 193            10         48823    
 194            10         48833    
 195            10         48843    
 196            10         48853    
 197            10         48863    
 198            10         48873    
 199            10         48883    
 200            14         48897    
 201             1         48898    
 202             1         48899    
 203             1         48900    
 204             1         48901    
 205             1         48902    
 206             1         48903    
 207             1         48904    
 208             1         48905    
 209             1         48906    
 210             1         48907    
 211             1         48908    
 212             1         48909    
 213             1         48910    
 214             1         48911    
 215             1         48912    
 216             1         48913    
 217             1         48914    
 218             1         48915    
 219             1         48916    
 220             1         48917    
 221             1         48918    
 222             1         48919    
 223             1         48920    
 224             1         48921    
 225             1         48922    
 226             1         48923    
 227             1         48924    
 228             1         48925    
 229             1         48926    
 230             1         48927    
 231             1         48928    
 232             1         48929    
 233            13         48942    
 234            13         48955    
 235            13         48968    
 236            13         48981    
 237            13         48994    
 238            13         49007    
 239            13         49020    
 240            13         49033    
 241           129         49162    
 242            56         49218    
 243            56         49274    
 244            56         49330    
 245            56         49386    
 246            56         49442    
 247            56         49498    
 248            56         49554    
 249           287         49841    
 250            65         49906    
 251            65         49971    
 252            65         50036    
 253            65         50101    
 254            61         50162    
 255            53         50215    
 256            53         50268    
 257            53         50321    
 258            53         50374    
 259            53         50427    
 260            53         50480    
 261            53         50533    
 262            53         50586    
 263            49         50635    
 264            10         50645    
 265            10         50655    
 266         31593         82248    
 267            27         82275    
 268            27         82302    
 269            27         82329    
 270            27         82356    
 271            27         82383    
 272            27         82410    
 273            27         82437    
 274            27         82464    
 275            27         82491    
 276            27         82518    
 277            27         82545    
 278            27         82572    
 279            27         82599    
 280            23         82622    
 281            18         82640    
 282          1115         83755    
 283            36         83791    
 284            36         83827    
 285            36         83863    
 286            36         83899    
 287            36         83935    
 288            36         83971    
 289            36         84007    
 290            36         84043    
 291            36         84079    
 292            36         84115    
 293            36         84151    
 294            36         84187    
 295            36         84223    
 296            36         84259    
 297            36         84295    
 298            36         84331    
 299            36         84367    
 300            36         84403    
 301            36         84439    
 302            36         84475    
 303            36         84511    
 304            36         84547    
 305            36         84583    
 306            36         84619    
 307            36         84655    
 308            36         84691    
 309            36         84727    
 310            36         84763    
 311            36         84799    
 312            36         84835    
 313            32         84867    
 314           416         85283    

場景         形狀位元組         文字位元組         ActionScript 位元組

    
    
    

Scene 1           115             0                   1

元件                         形狀位元組         文字位元組         ActionScript 位元組

    
    
    

btl1                                0             0                   0
btl2                                0             0                   0
btls                                0            91                   0
btls copy                         148             0                   0
burst                              66             0                   0
cta                                43            37                   0
box_hotspot                        46             0                   0
btn_replay                          0             0                 142
replay_loop                         0             0                   0
flare 2                            80             0                   0
flare 3                            80             0                   0
flare 4                            80             0                   0
Flare 5                           102             0                   0
flare1                             75             0                   0
glow                                0             0                   0
glow copy                           0             0                   0
glow jpg                            0             0                   0
last copy                           0           110                   0
last copy 2                         0            45                   0
last frame almost there            47             0                   0
Lensflare                           0             0                   1
shine                             194             0                   0
shine2                            233             0                   0
star                                0             0                   0
Symbol 1                            0             0                   0
Tween 1                             0             0                   0
Tween 2                             0             0                   0
Tween 3                             0             0                   0

字體名稱                    位元組           字元

    
    

SimSun                         924     BNOUWY 
AGaramondPro-Regular          7287     #,-01ACDEFGHIKLMNOPRSTUWY ’

ActionScript 位元組    位置

    

               1    Lensflare:Layer 8:27
               1    Scene 1:a:314
             142    btn_replay:Layer 2:1

點陣圖               壓縮的           原來的           壓縮

    
    
    

300x250_f1.jpg          8189        479192    JPEG 品質=50
300x250_f2.jpg          4320        300000    JPEG 品質=50
btl2.png               18663        381600    JPEG 品質=50
burst.jpg              31306        155200    JPEG 品質=99




